1 0.4 4 6 0.9 1 0.7 1
2 0.5 3 1.5 2 4.83 2 0.38
3 3 0.65 1 2 1.1 1 0.15
4 1 2 1 3 3.5 1 1
5 2 1 1.8 1 5 1 0.45
6 0.18 7 0.65 5 15 2 0.25
7 2 3 1 2 14.55 1.72 0.56
8 4 0.8 2 1 3 1 1
9 2.75 0.8 0.25 4 0.7 0.9 0.5
10 1.5 1.5 0.5 2 0.8 0.6 0.7
11 1 0.2 0.5 2 1.9 0.5 1.1
12 1.1 2.5 1.9 2 1 0.4 0.7
13 4 0.1 0.37 1.45 0.4 0.55 0.85
14 4 2.1 0.15 0.75 1 0.5 0.9
15 3 2 0.35 1 3.15 1.2 0.6
16 0.5 2 3 0.9 1 0.5 1.1
17 0.6 3 1.6 2 4.67 1 0.35
18 4 0.45 1 2 1.5 1 0.25asdas
19 1 3 1 2 1 0.5 1
20 2 1 1.3 1 5 2 0.75asd
21 0.15 8 0.45 5 13.75 2 0.25
22 2 2 2 1 12.58 1.75 0.59
23 4 0.5 3 1 2 1 1
24 2.75 0.8 0.25 4 0.6 0.9 0.5
25 2.5 1.2 0.355 3 0.8 0.5 0.4
26 1 0.25 0.8 2.5 1.3 0.85 1.1
27 1.25 2 1.4 4 1 0.45 0.7
28 5 0.1 0.35 1.15 0.45 0.69 0.85
29 3 2.1 1.15 0.255 1 0.83 0.7
30 1 2 1.25 1.5 1.15 1 0.6
31 0.5 4 6 2.9 1 0.5 1
32 0.5 2 1.75 2 4.75 1 0.55
33 4 1.25 1 2 1.5 1 0.25
34 1 3 1 1.5 1 1 0.6
35 1 1 1.35 1 3 1 0.45
36 0.125 3 0.6 5 13.5 2 0.25
37 2 3 1 4 12.6 1.35 0.5
38 4 1.5 2 1 4.75 1 1
39 2.75 1.8 1.12 4 0.3 0.02 0.5
40 0.5 1.2 2.355 3 0.8 0.6 1.4
41 1 0.2 2.8 2 1.5 0.8 1.1
42 1.25 2 1.67 2 1.8 0.4 0.7
43 5 0.1 2.45 3.75 0.4 0.6 0.85
44 2 2.1 0.15 1.25 1 0.85 0.7
45 1 2 3.25 1.9 2.15 1 0.6
46 3 2.5 3.5 1 2.5 1.2 1
47 2.45 1.8 0.25 4 0.9 0.55 0.5
48 4.5 2.2 0.62 3 0.8 0.03 0.6
49 1 0.455 0.8 2.75 1.6 0.9 1
50 2.25 2 1.9 2 1 0.35 0.7
